1012
1043
1107
1202
1253
1269
1303
1330
1388
1427
1431
1436
1520
1600
1715
1717
1916
1927
1931
1987
2010
2057
2069
2096
2178
2193
2239
2470
2520
2535
2563
2566
2606
2623
2638
2667
2675
2704
2741
2742
2753
2810
2909
2941
2999
3182
3447
3595
4158
4179
4998
5014
5211
5426
5566
5639
5789
7569
7576
7662
8979
9093
9095
9339
9625
9733
9935
10026
10172
10773
10820
10828
10845
10852
10866
10867
11054
11279
11365
11399
11404
11653
11657
11723
11971
12100
13699
14425
14891
14938
16099
16173
16430
16486
16953
17070
17358
18111
23253
24389
25205
25305
25373
25377
25643
25965
29057
